4000        train 1125     food50    bill 185   cut 200  amazon 332   components 365  outing 205
                  1303         180                                                           150
                  1000         90                                                            60
                               75                                                            160
                                                                                             300
6000                           112
                               180
                                60
                                80
                               130
                 -3430         -907       -185        -200      -332              -365      -470  
11000             -1384 
                                                                                                     in home 800
                                                                                                             450
                                                                                                            -1250